4.78
3.86
4.81
4.38
5.01
5.15
3.93
4.63
4.72
4.69
4.71
4.77
4.69
4.43
4.59
4.80
4.66
4.79
4.41
3.14
4.24
4.78
4.31
5.31
3.99
4.53
6.86
4.50
4.71
5.30
5.31
5.18
4.93
4.80
4.88
4.72
4.71
4.74
4.69
4.70
4.81
2.76
4.77
4.67
4.72
4.68
4.67
4.61
4.71
4.76
4.70
4.68
4.68
4.98
4.67
4.68
4.75
4.56
4.64
4.93
4.76
4.72
4.76
4.73
4.76
4.76
4.62
4.74
4.77
4.73
4.70
4.75
4.67
4.72
4.64
4.67
4.75
4.83
4.74
4.73
4.82
4.73
4.70
4.73
4.71
4.65
4.70
4.68
4.72
4.77
4.71
4.74
4.64
4.77
4.76
4.79
4.80
4.73
4.70
4.77
4.76
4.82
4.71
4.77
4.72
4.80
4.78
4.68
4.75
4.77
4.76
4.82
4.80
4.82
4.80
4.79
4.77
4.73
4.74
4.78
4.67
4.72
4.84
4.77
4.78
4.84
4.78
4.78
4.85
4.79
4.80
4.68
4.71
4.68
4.64
4.70
4.80
4.74
4.74
4.79
4.69
4.79
4.79
4.70
4.76
4.78
4.72
4.92
4.73
4.69
4.78
4.68
4.60
4.80
4.79
4.67
4.79
4.75
4.71
4.78
4.78
4.69
4.85
4.72
4.71
4.70
4.67
4.67
4.73
4.70
4.67
4.68
4.68
4.69
4.65
4.69
4.67
4.60
4.62
4.61
4.69
4.71
4.67
4.70
4.70
4.68
4.51
4.65
4.67
4.69
4.61
4.66
4.67
4.88
4.73
4.70
4.80
4.88
4.69
4.63
4.60
4.71
4.65
4.66
4.66
4.66
4.71
4.60
4.62
4.71
4.58
4.64
4.60
4.68
4.71
4.68
4.71
4.71
4.66
4.65
4.64
4.71
4.64
4.64
4.52
4.54
4.50
4.71
4.71
4.68
4.68
4.67
4.72
4.70
4.68
4.65
4.69
4.69
4.67
4.66
4.68
4.60
4.68
4.65
4.72
4.69
4.73
4.64
4.65
4.66
4.72
4.61
4.69
4.72
4.74
4.73
4.59
4.57
4.66
4.69
4.69
4.63
4.67
4.67
4.72
4.81
4.74
4.78
4.79
4.67
4.73
4.84
4.69
4.66
4.89
4.64
4.67
4.76
4.69
4.67
4.81
4.65
